600 400 233333
599 530 397 78 496 63 571 83 109 372 221 68 114 416 235 440 204 449 327 442 356 202 158 327 390 542 48 415 558 121 166 308 402 314 386 49 376 108 131 485 479 103 304 593 519 538 184 122 138 262 315 493 463 224 220 5 165 19 419 122 491 336 182 293 49 567 341 177 74 224 413 305 326 116 49 244 406 584 117 543 246 431 436 460 406 407 216 571 177 386 444 68 121 25 112 522 591 452 450 417 427 14 473 153 481 273 148 286 256 17 229 253 199 416 465 5 222 80 575 150 466 418 217 338 443 328 11 185 532 460 353 358 473 225 262 354 497 410 391 505 426 19 509 24 434 373 28 407 205 2 557 422 172 525 159 14 5 170 550 288 381 303 45 6 527 59 111 176 468 501 432 45 272 340 68 105 465 448 264 69 201 572 490 372 248 400 137 4 321 87 291 102 141 88 107 419 146 217 594 13 469 177 57 140 517 476 597 133 323 260 201 524 583 442 47 230 241 536 586 314 22 276 415 162 363 273 580 508 241 326 520 109 254 328 249 522 556 245 54 278 256 254 553 590 447 352 571 440 287 556 153 60 232 567 221 594 591 552 502 231 29 173 339 283 253 339 204 208 583 258 237 590 263 542 579 462 293 550 301 579 505 205 38 136 523 10 482 513 313 135 143 94 307 233 376 311 572 331 518 306 340 507 296 355 448 26 216 140 327 268 470 232 472 259 119 394 20 352 306 332 486 200 425 545 432 552 255 155 35 525 461 374 183 508 480 30 533 447 521 12 114 390 243 337 400 113 130 419 465 187 502 102 138 79 46 570 30 53 476 64 577 336 190 159 595 69 540 280 516 460 291 381 1 285 118 400 397 599 570 13 186 471 115 75 549 160 44 331 564 520 146 292 7 87 202 2 156 141 281 423 
323 400
352 3
72 207
403 303
472 71
8 168
282 95
395 282
478 193
157 277
23 149
155 48
50 309
16 108
540 390
542 190
145 62
268 245
548 16
38 223
590 19
265 245
479 271
215 60
536 156
504 171
571 358
419 210
70 20
561 386
376 9
271 254
299 320
487 290
112 198
416 325
321 101
123 281
492 199
306 338
460 227
137 161
371 230
201 307
492 240
200 114
519 19
290 270
160 369
566 177
453 223
124 382
214 173
124 198
335 105
283 229
390 147
128 19
125 312
103 81
594 169
387 302
524 64
233 77
5 235
457 198
331 257
381 332
330 296
400 304
333 216
114 235
253 74
385 242
322 130
498 39
292 67
330 36
464 15
401 114
512 220
76 258
341 42
290 57
112 270
238 289
275 44
317 351
344 328
409 53
91 65
483 258
445 383
349 165
278 309
528 150
159 189
183 156
564 99
321 72
312 75
519 358
60 387
266 187
192 4
220 226
483 234
416 103
419 327
387 117
418 96
37 315
70 176
226 371
442 185
459 146
255 305
243 377
116 267
470 60
85 307
340 241
543 367
46 308
424 161
209 32
498 193
568 45
215 319
103 193
491 8
64 362
90 297
563 107
318 5
511 384
25 3
121 3
510 119
432 118
350 285
77 40
284 47
566 396
340 50
57 68
381 382
479 320
178 271
75 41
25 96
50 138
340 249
367 322
440 1
437 198
589 141
187 313
60 272
273 104
324 399
381 329
201 104
574 259
451 130
377 201
138 227
275 178
100 29
581 394
343 139
231 217
329 332
355 369
73 388
538 380
108 148
3 318
328 60
190 129
129 379
405 318
496 218
598 232
577 195
285 178
394 271
154 115
83 74
13 261
40 107
54 350
20 99
311 57
137 299
277 252
569 65
34 34
17 264
210 31
8 345
415 294
160 201
26 321
581 395
501 238
587 20
270 307
115 358
457 180
231 51
267 85
70 200
415 300
330 238
182 25
270 89
241 349
69 230
176 66
303 49
420 276
134 41
399 89
69 48
250 207
491 251
250 116
567 361
398 17
441 248
136 332
80 310
291 128
393 148
548 266
294 47
488 167
207 227
427 38
44 27
78 276
344 86
246 279
495 310
358 196
127 287
197 45
373 6
105 239
105 317
364 252
170 198
576 3
40 176
155 202
230 235
120 384
62 373
34 318
513 109
395 343
388 191
596 143
582 112
428 252
503 38
587 343
545 24
551 162
364 336
522 305
88 345
317 42
511 102
210 150
493 23
213 156
451 32
543 360
411 184
21 122
65 265
488 359
320 9
97 38
295 35
179 18
59 182
283 247
597 369
143 44
352 41
272 107
66 2
385 166
439 228
292 357
515 303
264 379
369 386
421 160
377 263
196 351
598 188
508 231
474 194
586 51
157 377
178 209
326 175
202 114
222 164
67 94
424 288
474 330
441 344
6 294
44 217
156 202
432 393
386 64
466 257
34 323
131 174
348 163
29 56
20 302
195 202
490 238
519 370
314 363
408 159
327 71
272 51
596 235
298 255
264 181
256 315
288 249
363 186
594 388
89 191
393 365
202 235
404 34
396 272
582 117
188 203
405 260
294 11
418 200
533 343
257 281
129 388
325 297
84 91
34 318
82 124
558 178
211 35
506 161
230 206
560 287
547 369
131 164
516 240
335 148
380 248
387 391
39 60
151 311
429 122
45 336
113 62
297 154
467 275
432 354
441 96
16 391
506 339
130 346
446 21
20 264
207 25
485 6
517 45
119 187
74 97
358 315
269 186
12 206
360 335
582 43
233 400
90 397
494 90
311 19
83 291
316 282
488 89
285 352
90 204
500 203
318 163
100 57
415 186
472 311
305 374
125 53
449 289
178 214
432 294
185 40
322 66
306 52
555 209
12 191
393 396
558 263
271 110
447 9
519 85
258 318
170 223
511 334
347 370
216 40
80 331
548 400
403 1
361 54
244 357
152 124
386 236
498 61
269 208
493 96
414 339
513 302
36 335
457 175
14 334
416 72
471 293
245 164
17 25
381 5
128 60
47 284
144 65
73 96
392 364
102 165
218 157
291 14
188 205
139 347
218 353
398 306
69 40
464 42
47 285
96 396
279 126
191 95
190 174
337 63
579 333
289 390
555 148
553 132
230 94
447 43
148 48
39 244
37 17
53 55
250 235
361 149
43 281
454 103
317 384
317 143
132 295
594 357
88 39
332 346
140 118
517 130
173 288
256 155
209 210
44 108
208 211
491 356
458 50
586 144
38 174
220 302
410 322
360 14
511 298
567 91
373 251
338 83
189 145
506 345
52 350
360 302
209 260
261 250
345 267
592 198
299 183
304 12
177 309
358 15
257 287
489 124
206 229
326 226
322 346
295 231
284 174
385 54
303 293
311 197
395 200
182 102
265 45
305 37
51 393
280 14
137 107
336 368
146 294
240 261
43 267
592 134
340 79
571 328
277 394
193 81
334 71
267 126
362 151
543 372
385 164
471 374
494 74
367 158
370 39
257 158
44 12
242 201
480 383
176 364
596 156
578 121
246 130
80 245
568 360
523 22
596 104
377 393
102 289
279 96
5 71
35 87
39 48
182 76
240 319
74 310
230 35
316 252
48 227
586 395
169 215
118 309
53 316
156 47
142 355
25 386
472 346
546 59
87 311
181 327
588 126
312 254
57 217
444 228
174 104
470 181
89 142
9 188
234 294
48 164
349 327
272 224

