189
zzzzyyzzz
zzzzzyzzzz
zzzzyyy
zzzyyzzyyzz
yzzzz
yzyzy
zzyyyzyy
yzyzzy
zyzzzy
yyzzzzzyzz
zzzyyzzyzyyyz
zzzzyyzyzz
zyzyzzz
zyzzyz
yyyzzzz
zzzyzyzz
yyzyzz
zzyzyyz
zzzzzzzyzy
zyzyy
zzyyyzzy
zzzyyzzyzyzzy
yyzzzyzy
yyyyzyz
yyzzzzyyz
zzzzzyzzzyz
zzzyyzzzzyz
zzzyyzzyzyyyyz
yyyzzyzzz
zzzyyyzyzy
zzyyzyy
zyzyzyzz
zzzzyzyzzz
zyzzzzzy
zzzzyzyyzzzz
zyzyzyyzyz
zzyyzyzz
zzzzzzzyzzz
yyzzzzzzy
yyzzzzyzzzz
zzzyzzzyzy
zzzyyyyzzz
zzzzzzyzzzz
zzzzyyzyzy
yyzzzzyzzzy
zzzyyyzzyzzz
yyzyyzz
zzzyyyzzyyy
zyzzzzyz
zzzyyzzzzzy
zzzzyzyyzzy
yzyyz
zzzyzzyz
zzzyzzzyy
zzzyyzzyzyzyz
zzzzzzyzy
zzyyyzzzz
zzzyyzzzyzy
yyyyyzzz
zzzyyzzyyyz
yzzzyyz
zzzyyyzyyzzy
zzyyyzyzyz
zzzyyzzyzyzzzz
yzzzyzzyz
zzzzyzyzzyz
yyzzzyyz
zzyyyzyzyy
yyyyzzzz
zzzyyzzzzzzzz
zzzyyzzzyzzzzy
zzzzyyzyyz
zzzzzzyzzyz
zzzyyyyyy
zyzzzzyy
zzzzyzzzz
zzzyyzzzzzzzy
zzyyyzyzzzz
zzzyzzzzyzzy
zzzyzyy
zzzzzzzyy
yzzyzz
zzzyyyyzyz
yzzyy
zyzyzyyy
zzyyzzyz
zzzyzzzzyzzzz
zzzyyzzyzzzyz
zzzyyzzzzyyz
yzyzzzz
zzzyyzzyzzyzz
yzzzyzzyy
zzzyyzyy
yyyzzzyz
zyzyzyyzyy
zzzyyzzzyyzz
zzzzzzyyz
yyyzyzyyz
zzyzyzzzzz
yyzzzyzzzzz
zzzyyyzyzzyz
yyzzzzzyyzz
zzzzzyzzyyzz
yzzzyyy
zzzzzzzzzzz
zzzzzzyyy
zzzzzzzzzy
zyzzzzzzzz
zzzzzyyz
yyzzzzyzzy
yzyzzzyz
zzzyyyzzyzzy
zzzyyzyzzz
yyzyzyzz
zzzyzyzyz
yzzzyzzzy
zzzyyzzyzyyzzzz
yyyyzzy
zzzyyyzzzz
zzzyzzzzzzzz
zyzyzyzyz
zzyzyzyz
zzzzzyzyz
yzzzyzzzzz
yyzzzzyyyzz
zyzzzzzzyz
zzyyzzzyzz
zzzyyzzyzyzyyz
zzzzyzzyz
zzzzzyzzzyy
yyyzzyzzyzz
zzyyyyzzz
zzzzzyzyy
yyzzzzyyyy
yyyzyzzzzzz
zzzyyzyzy
zzzzzzyzzyy
zzzzyzyzy
yyyzzyzzyy
zyzyzzyz
zzzyyzzyzzyy
zzzyyzzyzyyzzzy
zzzyyzzyzzzzzz
zzzzzzzzyzz
zyzyzyzyyz
zzzyyyzyzzyy
zzyzzzz
yyzzzyzzzzy
zzzyyzzzyyyz
zzzyyyzzyzy
zzyzyzzzyz
zyzzyyz
yyzzzzzzzz
zyyyzzz
zzzyzzzzzyzz
zzyyzzzzy
zzyyzyzyz
zzzyzzzyzzzz
zzzzzzzzyyz
zzzyyyyzzyz
zyzyzyyzzy
zzzyzzzzyzy
yyyzzyyzzz
zzzyyyyyzz
zzzzzyzzyzz
yzzyzy
zyyzzz
zzzyyzzzyzzzzzzz
zzzyyzzzzzzy
yyzzzzzzzy
zzzyyzzyyzyzz
yyzzzyyyzz
zzzyzzzzyyz
zzzyyyzyzzzz
zzzyyyzzyyzz
yyzzy
zzzyyyyzyy
zyzyzzyy
zzzzzzzzzzy
zzyyzzzzzzz
zyzzzzzzyy
zzzyyyzyyzzzzz
zzyyyzyzzyzzz
zyzyzyyzzzz
zzzyyzzyzyyzyzzz
zzyyyyzzyzz
yyyzyyzz
yyyzyzyzz
yyyzyzzyz
500
109 2 49 6
107 8 68 5
147 1 28 1
47 1 22 2
73 10 172 8
161 2 91 6
36 5 22 12
157 6 47 1
166 6 128 3
35 7 99 2
142 5 160 9
18 2 96 10
137 6 149 5
140 4 70 8
148 6 14 3
172 7 183 5
58 9 108 2
123 2 34 4
69 8 80 1
92 6 74 6
123 5 8 3
149 6 1 6
45 11 125 9
153 10 26 5
19 6 103 8
36 3 73 1
90 7 102 4
128 11 65 9
184 7 113 4
164 5 113 7
6 2 127 2
143 5 38 5
47 1 115 5
181 6 72 5
127 2 23 8
186 4 76 3
45 3 99 3
173 5 176 2
121 2 125 8
99 10 29 6
45 5 98 6
126 1 188 6
59 4 20 1
146 7 7 1
22 1 51 8
104 4 69 2
169 8 179 5
14 4 40 10
152 6 80 1
42 7 188 4
89 6 154 7
43 5 82 5
170 3 130 10
39 5 181 5
27 8 115 3
82 4 170 7
175 5 44 4
62 11 18 5
188 3 134 10
181 2 42 5
143 10 24 3
22 1 18 6
89 7 139 4
80 4 37 4
107 3 46 3
118 2 90 3
40 5 50 3
49 8 139 1
41 9 38 6
38 3 19 9
133 5 59 4
37 4 99 2
157 1 121 6
177 7 71 2
156 7 86 3
163 2 140 1
178 5 150 5
13 6 168 2
126 2 107 3
11 10 4 10
176 3 93 2
100 3 163 3
31 4 53 8
106 9 89 8
109 6 77 8
166 5 152 5
11 11 48 6
5 2 120 12
133 8 72 3
182 6 62 4
103 8 166 3
132 5 44 6
122 7 61 2
90 6 78 6
180 11 169 6
172 6 121 6
92 1 6 5
188 2 45 6
30 8 143 12
152 5 122 3
126 4 109 8
146 11 157 4
148 11 118 4
111 3 27 1
20 5 31 3
81 5 49 1
132 4 86 3
136 5 29 5
172 4 184 7
19 2 75 7
92 2 93 1
114 6 58 2
3 7 52 5
96 4 2 3
183 8 144 6
42 4 8 5
25 2 130 2
162 3 167 6
71 2 102 7
135 10 120 2
29 2 118 2
30 6 174 2
146 11 66 10
169 5 100 11
135 11 9 3
1 9 120 7
22 13 109 8
133 2 156 8
89 4 41 2
23 6 167 1
150 6 150 7
69 2 125 5
55 3 145 2
128 14 64 9
52 5 32 2
12 4 124 6
77 1 17 6
35 8 22 8
61 6 8 4
18 7 35 12
20 4 177 1
179 8 163 3
72 8 54 4
15 2 40 9
97 2 146 8
109 3 51 9
29 1 11 2
40 7 126 2
100 5 77 5
37 5 53 2
139 8 121 9
90 4 80 4
185 15 156 2
182 6 159 6
85 2 60 2
54 8 3 2
129 8 106 4
188 4 140 3
141 6 17 5
8 5 52 5
90 7 176 4
129 9 119 2
166 2 58 1
59 8 59 6
150 9 4 7
111 3 88 10
38 5 24 2
187 5 160 6
153 3 31 6
168 6 100 5
135 8 123 5
66 6 185 16
163 6 176 5
125 5 142 6
71 9 25 9
159 2 123 9
74 1 139 8
151 9 45 2
22 12 68 5
168 16 96 5
161 1 155 10
109 8 184 2
174 11 24 3
11 9 99 3
168 14 93 1
10 8 104 3
113 10 110 6
45 6 41 6
47 4 67 7
49 2 107 7
91 11 48 1
78 9 98 3
111 1 150 10
138 2 178 5
13 3 20 2
118 5 95 1
51 6 40 3
178 3 152 4
181 2 11 5
138 7 188 4
52 3 73 10
42 8 65 6
53 2 41 7
159 11 13 7
168 8 157 9
56 7 54 7
44 9 41 8
120 1 27 8
19 9 76 5
159 5 144 3
48 6 185 12
70 11 159 9
153 6 78 2
79 8 79 3
107 3 151 4
157 7 161 2
183 13 92 4
162 6 123 1
46 12 17 6
22 5 9 1
25 1 56 7
88 6 62 3
18 1 117 9
83 8 16 7
98 9 56 9
178 8 149 1
95 2 23 2
9 3 144 11
9 3 157 7
78 5 37 4
107 5 99 4
4 9 119 6
51 4 95 7
185 12 29 5
7 8 57 1
179 11 139 5
51 11 96 9
171 2 9 3
114 6 91 10
85 6 113 8
115 3 5 5
27 7 80 4
182 13 67 7
122 8 36 2
140 6 83 3
5 5 41 8
157 9 184 4
28 9 105 6
33 8 12 1
9 1 185 16
146 10 3 5
125 3 6 2
124 4 122 5
56 7 164 7
115 8 72 7
44 2 166 1
183 12 61 2
23 2 2 4
86 7 33 5
62 4 188 8
40 2 97 5
127 7 163 3
80 1 63 2
163 3 171 3
140 2 96 5
88 4 151 3
189 6 135 11
75 5 26 7
64 2 158 8
30 1 167 1
167 2 19 7
5 2 33 2
188 5 20 4
188 6 61 5
167 2 78 10
15 4 18 1
18 5 75 8
157 1 109 1
184 6 17 3
144 4 172 7
183 6 19 6
59 7 141 10
111 1 176 2
163 8 132 7
173 7 50 8
35 1 146 3
125 5 89 2
147 5 81 1
123 7 140 4
37 6 85 4
133 8 155 6
84 1 67 8
135 8 142 1
101 8 73 10
104 2 80 5
69 4 19 4
29 5 30 6
139 5 95 1
180 2 74 3
107 7 32 7
152 1 59 1
94 8 121 2
90 3 50 7
139 4 27 10
182 5 168 4
158 9 150 9
80 7 183 2
77 4 14 4
158 12 102 2
96 2 66 5
76 3 85 2
123 3 15 4
57 2 16 2
14 5 152 1
63 7 2 2
87 7 108 5
115 5 125 3
151 8 169 5
78 11 131 7
156 7 50 7
170 7 150 1
112 2 132 9
49 3 188 9
27 9 141 9
5 5 79 5
174 11 163 7
183 4 184 10
98 4 70 4
89 3 85 1
160 8 18 3
101 11 98 1
154 7 140 7
71 4 177 5
41 6 170 4
3 3 101 7
58 5 125 3
162 7 165 10
63 6 59 4
184 4 63 1
1 7 126 2
9 4 67 5
92 7 70 1
95 10 93 4
107 6 181 8
122 6 52 1
73 2 140 3
148 7 156 2
37 5 107 4
86 2 14 5
156 1 84 5
95 3 117 14
139 6 172 1
33 9 69 7
69 8 184 6
29 5 95 1
150 8 14 1
161 9 73 1
48 1 49 5
85 7 34 4
130 6 118 7
27 9 95 2
88 2 33 1
97 8 124 8
166 5 119 4
26 9 86 2
141 5 167 5
53 4 89 11
139 6 50 1
24 4 177 2
104 6 16 6
176 4 61 3
162 8 27 10
13 1 18 6
13 4 114 3
129 7 30 7
163 8 134 7
62 3 30 8
103 9 145 1
110 3 104 5
11 9 157 7
147 2 2 10
129 1 121 1
180 6 151 7
165 6 53 8
82 4 108 2
107 5 140 1
146 3 173 3
24 3 93 5
28 3 99 7
113 2 150 5
121 5 184 2
116 2 143 7
96 1 107 10
5 3 110 5
103 4 187 5
143 12 23 6
80 2 22 4
26 6 12 9
56 4 167 1
73 6 42 10
140 3 60 9
101 3 64 8
178 3 21 2
86 6 126 6
66 10 121 4
59 2 99 4
109 1 189 7
173 6 115 1
11 4 69 7
187 6 139 6
96 12 143 14
149 11 4 5
8 4 134 3
81 7 61 4
101 1 152 5
113 1 52 3
144 1 77 5
165 7 112 11
98 7 78 10
26 6 100 3
188 5 17 5
188 3 176 3
177 8 31 2
125 7 175 6
53 3 97 9
39 1 101 10
4 4 133 3
34 1 139 7
178 7 32 7
131 2 75 4
85 5 134 5
71 12 132 7
147 5 98 2
181 9 53 3
76 4 121 6
78 2 143 10
161 10 161 1
120 5 135 1
183 4 39 5
86 5 34 2
103 12 4 1
145 2 91 13
108 5 188 2
142 11 101 10
158 10 10 8
70 7 16 1
168 15 83 1
125 10 9 2
93 5 1 6
182 1 141 10
79 7 175 11
37 3 88 3
92 8 109 6
143 12 121 3
139 1 59 3
37 5 125 10
30 4 41 6
12 5 48 6
63 4 139 10
28 6 1 8
76 4 21 5
159 9 67 1
74 9 25 6
132 6 40 6
178 5 149 6
49 8 143 8
134 4 18 7
89 4 62 12
125 3 44 2
18 6 5 1
94 1 183 2
162 1 111 3
23 7 69 4
105 11 184 5
151 2 16 4
60 7 7 5
186 10 171 13
175 12 73 3
80 5 120 6
80 7 24 1
16 7 44 3
50 4 8 2
91 3 52 4
77 7 157 5
180 10 162 4
129 1 73 1
11 9 185 8
181 10 46 12
92 6 33 5
50 4 179 1
26 2 169 6
145 6 158 7
168 1 154 2
120 11 172 10
170 8 135 5
16 6 9 1
109 3 189 2
20 3 69 3
167 2 125 9
116 7 170 8
