1000
7320158814615
1695068928308
92186104289767
89557583248574
48203990501119
127804802759622
88932631391170
127133176296787
53971095861474
74047315857230
5310053475347
136757889601322
18118319399944
82432766861100
128294428798014
58173174000161
126702608360774
39786015878229
94822135177986
120395098527702
91630639876256
107680060234536
122724226653992
106680293245008
119871402593104
134249938148635
135416015188164
33139697636948
122632017840782
87292890260454
4292665430411
105065623299234
64591878795613
68408376587775
133457518737932
20965043469920
14791727653234
124173906704143
81981563972099
32732883130533
130105160451837
45556550149302
15775277703685
137576391052430
53529999257739
107856107397983
88857567002236
48080205347048
76297677773050
31387602584632
23817734782141
12627801347506
40258849692704
35385965977290
86179591734305
42614531259254
94361962392879
59592204534497
26129498282807
107802865433543
140560587554788
137481360461273
6367270496040
101390486515258
20577068955049
10942410642216
44391564555531
82999924215958
19634370606493
66148661729103
45764956858063
40621800113373
56194748003058
109523008185138
15903453337390
21244501924332
10771096288799
104406088897907
62812813241991
99803430069610
57098985125409
127779519534743
134314360562030
45401817185368
47689026721421
119021462524105
79574964446830
92840013025626
119114365132133
77356635793290
138212009776005
10006325857190
116588928805179
25382773978861
38734025974983
122051687857140
95193587520746
56585434891797
38396988340665
101978871909731
72801188779541
38800176549283
99164347937748
6669530404324
52526870926218
71819327391181
41888538132196
58243270572212
55501381415564
56401505648610
68074013002745
49328773083708
6070415593058
111296434476860
67163792325311
130551971305569
12059644674764
10863703231832
19516330493186
48025850185690
101558746308778
122040689852315
60932701003546
20446090430381
123172513277937
69929315330298
114561810088806
73038061606094
84434626696072
24359677368803
116131870740649
10086577069852
42787865090121
98676823181846
38483400822704
134346576885207
125808072892311
2012158087144
14457916747203
21698170425432
99305414549285
47401336490399
70147277427849
53022965101652
23295608162935
24704635041369
91556348690557
126881915432598
55739513487849
55911846376978
90784830950045
93526939222515
24431903990108
121857682401510
117996972403057
35781334705364
94443306185361
8957153471266
62883679358176
37694234685228
139363098815919
84868411617911
97186230418171
83788019255026
15094661454267
106412064624254
48480347203822
40996846947981
14002102936141
111800137636202
24932549341362
67826102457429
90026404179121
2489998355038
138762837106414
98350422429928
102581783199504
86832293345993
113491208660077
71218979845873
28842847469248
93728123331201
96093445527009
9495991235065
16101807171714
101355581850605
128137564228001
19672534285432
105226538833850
89597312643043
62345727393889
99902395450182
89686432629802
83219266402685
75877794561995
50289763559104
50591476692446
41305999238714
138001321507408
116039752319982
31359300674454
54397235084295
105101867835422
96184715355017
96229815967574
32104133766785
92251598296119
42027160919849
37265181716438
103639689920762
138946218494229
77125532659246
16469051535612
54746278595250
28495956421788
27095857171998
106705681634941
78614186360170
14822988808870
140659741912692
79104673870944
128890357776820
23294224355004
71816011833593
14688781023619
32963538185780
47907788556718
61698261025163
87782620901579
78107973199350
5754718198495
35396811238809
45956015652410
42791820797943
7334310497271
31095009534685
74738098975584
117055000529134
49427219662190
17853037674671
82849901808603
77013040710026
20169160723270
54395278397491
114417871310675
83492007025016
96965030472254
91894180567950
92159168410133
62963616508249
36661833439729
45193482403427
113302844879047
68693024395118
69642873172281
86107026748710
137361599971073
1774894551710
20355919378886
124742943311448
47933940291835
114205862179660
45644689139425
6345811995570
59311350780512
96558771803906
22624494936385
66634270112164
22524873923767
17181409740861
81133508270384
103921028385541
125670612087828
94548838523512
21128822882422
140059938354931
5310717741216
73221382577323
38154071259418
48019227379832
8133787245928
52697637812172
4853291005152
25947943588017
113918500387459
119541723029383
5679486064209
132072391781348
47684043737137
136637923014719
23699556628268
137871662244376
108749645470066
79961551236941
9184635373344
103628970909191
131819771893568
48075680736049
134919140591428
23310732811703
117151707892944
21676695672186
84838152857547
113445015842183
98891353444282
60595277625507
104565121144058
10859199727282
128084497783167
78741749350649
78063815454149
13845898937640
57222878328019
65080278012197
135944245599292
18766574140894
90503245720602
94451153816623
53450867348662
26387134006242
35761768095613
134194099792726
3971636762434
72166089056996
95135572404232
128583802491233
51801966363357
101608048958162
63611548073700
19690277532616
114340551826131
30437291312173
78898414863615
98711105329875
51307578083859
3214241316390
71341520214844
86657097195016
983320927109
66629302969151
28254233650377
128580532001114
56167300516651
48341953011542
115401474170915
37857250944303
106487254811845
12371282035171
52445539924409
36255412757369
95440144792429
50083475189085
36137837873948
101354448603431
14087474351185
133239262292526
81720328036615
122397976434880
69795357325236
116926063785537
98032088992565
133461737427661
82340159833294
108428575250878
116175637295463
97800657797716
43414317932247
96919963239293
3148176898838
116671975837844
84782242330891
59575490230401
89518922432074
22912877004357
71234180008279
63033979588053
13147813320695
92311580730502
60853224600914
89535023520589
63946408803196
107170131989390
53742856506706
46175054840902
120887701119920
74125764595663
131284227297180
90695898576590
34198408108433
98640365585380
112710476528025
133959828600693
76694658183771
80607945944662
4795326749248
33100233379431
76003736987460
35364625870863
62882595125506
45896951135486
103648260180271
107964168927598
112985505781021
33518830511793
30792746954063
111874948977047
12356620762190
128622895396985
49891395708167
85858409289302
97897328144499
123427675378947
118487812638388
22169110596686
99592774859111
83663712525416
47350653277722
15958317390689
108809506768402
26042516871654
40898816584871
1629864532554
102276038898825
1565966931870
58007284349331
66115350780120
65643984933555
48328851030463
66859109970670
84026193811741
138563108149082
88217514094316
77839839742812
64773136816301
12916375833696
44775888864464
87993062563345
107067077452285
35920738709981
60960584576043
55319110821777
109096179586424
35143560262368
23619635205035
87183103829316
127716990423588
134597782217293
130183700261396
38635343694687
117610949869336
4295365719380
105363398430919
68055156990722
1082312189440
39587736939617
57165318127696
48381061109551
75131325976118
42208184970495
44789897490398
65658757107369
73661744910051
106966059270931
131216569228960
117327475407800
56414391051826
129737862062496
73172149666930
92731693771198
20291480181121
136297943399581
86487755827729
102976471281562
127464903744988
119631427279400
133836243414750
63286292221885
104070276176328
129866254907064
34378947879235
61900997203488
87338956841852
111831150214766
107956149320802
94027515941472
55406520663628
64964869959605
133527194559179
22037466636453
31649630764010
11033750933090
45483366015903
91506931116169
103835086844143
103366977123791
46352738226609
88267953232295
75430195217327
12727042956572
123185585946691
30157909628405
55602622463610
39010880399085
122326972998906
27908959330797
61978054689377
37986603322284
113262444547694
116277472895848
69391636992886
73834673197456
103434479969575
108697766271573
80721477583693
80775440738536
87440835782381
101022980489760
65320001471623
50697453012653
60344022069408
60146451090022
117548880320745
89044738103554
86889335835208
25694615299765
2752532911521
131288440210150
120890357179260
3576625570719
79935498589356
124042359073370
54548227558244
28943474123010
83624354354568
26035688028525
17509749739594
125550414100778
43578537482727
84393803419787
138441362755222
5271928324590
68878327033733
106643716546304
95071101739536
109903377021387
53832968933158
60904359473751
36798671540384
87509956405877
28747951274760
123649624632401
58988892202935
40576661288070
41581486716839
92295218832845
94321218780241
39741198002804
93388426095761
71490459844311
115866120866835
81986546238814
133862789029065
137341238244803
91997889088270
9607539413906
56919040918556
26265871159657
100980047455582
77734712667505
51073060768512
41107522052930
126859641092858
27115436520231
86496341088043
127229715527213
139261084953250
90585087049336
70632069657409
21571338761428
30561886213236
1899717067878
23695764326473
62650519405667
95006818802623
126498428127916
28938398057747
9996234272273
107717273172901
94568498030489
135718214652728
115098678408718
8801459296593
125889731773765
11393719806146
101323617438434
37900904792704
129436343948743
131388132762904
45534705301617
50993559391231
90996595451800
58163988148492
94990046712095
138104354109154
78617123618689
129881861936766
126587713325044
117920204057110
77378092792930
118460346468179
30531034370062
449260230285
77219082245276
70577044144128
76755085687933
13308425900075
60762598251793
128006361708991
96613111868904
63836098897641
117719641832124
87467000062712
50925343092023
74569184350186
53224033673190
25528736002270
67913095913744
102983786288586
17075682542353
127145357509306
13653696815561
120844608037796
71186916299804
89431386074379
92747862461956
61553323749229
65509253468507
32562225695601
72930692161396
103998270973997
18683105604248
69172055502671
14764482437239
90988311693652
64241569356516
125669918778134
77109640814323
11572906802056
73151813772317
34619566273811
113535169838215
94890437819106
104455750776550
14002253433974
93842877178286
22065242903988
106787231403438
58383361959918
122654333717022
12653946458541
86028158238033
124051353706928
103362672294782
29957358718804
95891583092172
60936970342846
20010520881384
106994039197751
1803883074292
20374771070504
98256885043536
67431993018601
133674397798625
45120677678372
134445344465434
21010423578625
55360516707221
102133013380017
139949348650731
53761707847344
55928744824685
23052255414027
129785293868302
59665550383140
110302960776175
86495271523493
122476629563946
132130340316222
139000899636837
90267226113546
94287244333107
71704715677676
115601189873597
26894749643485
24453127526050
69176515357536
54614668976635
15580933365350
81537528727982
34511118798604
14547047793879
118925492699869
134194094522687
111699205753356
6090258356349
124428882968612
31766567032354
109284739746937
88495651527597
121442347738248
76096072425699
52589725554784
1372223046227
33633887285736
2678951898448
134009690425759
48412706383013
13511673254185
81773860270999
33588254815624
45699789400908
47502203909316
72672188728765
84095790907214
11490043052180
133375645881275
114679543903166
77558211093590
113397726274273
58222572454419
38596706113330
133299942064729
22951228807214
128876395045307
131283657633465
51850857879513
39001966578929
113713245657972
115400200130011
132104535389209
121869687815832
73737474387944
29230404465647
71123949578343
121747155413629
117964430812930
40101668189740
106612787985799
116601357515998
27038957361695
116474945451654
2654256219549
37503318326934
126413421237798
32699456650195
139054108629729
101782066516500
109641924062401
82611119021832
132902360489172
28634239549347
83225726110516
79917495610673
131785614378026
3112684414974
22189928322471
96974432636994
134327170916860
472177720405
5904475528009
97043645121121
46997528621715
76274835325172
48362939570809
55926916641917
81767586146689
9917988551459
12556164295151
73354473569649
4878807847524
21689551277155
55316694467572
51908924392272
112403319843709
28170686275090
85549170276302
122528857029873
42565255525609
7707318208950
76214194658786
131454986077871
7456196915795
41498308738074
90471279307302
23615873157724
50581792055035
122415006835863
23231460258660
14068165363935
85964826027917
113204600317352
26714151176036
22581857700286
12323331580031
19470495386543
93922334593448
105780187366854
10822377788464
121392383139902
121392955128683
55904351025890
49574566560090
137135612968277
71166496573280
67701820937120
52702183583013
47167221435978
135163693472738
7958006821079
100037253262204
95285945023171
37614249725669
13863828160800
66870410953321
8992243786093
139523083586553
78762183989307
102477070302152
121164751798803
85625205021637
49299748532758
88297548238588
77005735099765
25477475342440
89472732473151
112391441181395
37999361376521
104349447168652
57704424529103
46379153941384
78005183423179
131592153799307
93525058682069
91190063206551
126237660911995
122080150377628
33666098410824
131266678590450
11625381727862
54898271691017
782719363136
4381602584504
35817542894998
90645273226099
139212758130491
19481166323873
41449846881916
92509232299276
103666540499327
68188473440826
79035719481857
123967500596876
119170031792750
82635019772422
130500399556314
91156242200218
23344757575404
29327108241507
63528968833175
11945310156519
116256172061393
138481018776024
41759755162292
11204074908832
133212373759113
93855367794478
128921741522353
43473218231763
50841587255353
97408784361732
122900212302568
31146559667757
2624090795504
64667153802839
39706833033831
128153737469530
108037750240455
32191991987847
75411698478872
13748186098607
122788350087681
139395294122539
43949996834968
77586436714450
27499064455127
135391745112037
82082059466868
15167661933716
86274870340771
10121006537964
15710986913835
465933685828
123433030763386
132805604082798
76054070558194
125991605130803
113419348863739
28336843528102
26040048539740
111420980687973
140178748039246
63200149043954
131876430176860
25490629312294
17465205795443
62653342668299
33146342872922
16182068342672
95777230994714
73948599389542
14064941802525
89197679151871
43114760604663
3376899553964
82718595164701
122691910184070
80134081829723
22945459741485
123522147886847
7945194441911
84045286833767
33423080539152
133718402239761
133034258559125
57855327578016
119851028514103
125447400448404
58665386105557
45107859370716
96975894729182
36100810425490
69247757117285
124085363090908
46769705803173
140627930967271
107118336056910
125312111103263
60389049958671
49409303418368
66311907320924
118928683593631
38446396803421
113736529689034
131460165516990
18414402255284
5195595303329
25890062241536
30012047007284
25898482711449
116105850716600
131494375155253
109723153535950
82290431951462
93623708257669
82057924937345
98224692778502
64622051515252
23149864765267
93042375639957
55728934978022
101569524242093
25235012156304
135365419596941
136696392768138
132027260016029
46312631001255
53813792439369
98112085372711
44669789505875
127066606278421
70193992134285
46239611553269
80485524687998
31698433302336
83261692269402
3508606471517
7610584280237
30814426173365
83989049877169
22763033059682
138838020114050
57322499945505
84371677623935
47281002561915
65692595593204
115032035053480
118161507468716
129963390916738
89921904681702
90697894142526
